%YAML:1.0
---
R: !!opencv-matrix
   rows: 3
   cols: 3
   dt: d
   data: [ 9.9997703936724280e-01, -2.9117543126304802e-04,
       6.7702256381928540e-03, 2.5205228541880220e-04,
       9.9998327058945002e-01, 5.7788416548725978e-03,
       -6.7717950330196952e-03, -5.7770025181666908e-03,
       9.9996038373224361e-01 ]
T: !!opencv-matrix
   rows: 3
   cols: 1
   dt: d
   data: [ 6.9994462890549428e+01, -4.5037842457761212e-02,
       1.0722811513399937e+00 ]
F: !!opencv-matrix
   rows: 3
   cols: 3
   dt: d
   data: [ -7.6644514978517107e-11, 2.3676536256998919e-06,
       -5.4433296465290673e-04, -3.4165432564769228e-06,
       -8.9312402690715893e-07, 7.5037609429521659e-02,
       7.4166639404151327e-04, -7.4776892060922417e-02,
       9.9999999999999989e-01 ]
