%YAML:1.0
---
M1: !!opencv-matrix
   rows: 3
   cols: 3
   dt: d
   data: [ 4.7667764229853026e+02, 0., 3.2210487638621856e+02, 0.,
       4.7648857133637500e+02, 2.5268648508377822e+02, 0., 0., 1. ]
D1: !!opencv-matrix
   rows: 1
   cols: 5
   dt: d
   data: [ 1.4507142207033569e-01, -3.5255895207048094e-01,
       7.8310529704374711e-04, -1.4298182076035691e-03,
       3.7187330142391073e-01 ]
M2: !!opencv-matrix
   rows: 3
   cols: 3
   dt: d
   data: [ 4.7988277988174383e+02, 0., 3.3938316299013616e+02, 0.,
       4.7948643372988676e+02, 2.3650993493649008e+02, 0., 0., 1. ]
D2: !!opencv-matrix
   rows: 1
   cols: 5
   dt: d
   data: [ 1.1653362353001835e-01, -1.7371254608566145e-01,
       4.1996055538390112e-04, -1.2684720586513521e-04,
       8.3281942696390041e-02 ]
