[Transform]
Xoff_cm=3.621886
Yoff_cm=-17.973994
Zoff_cm=0.126185
Xrot_deg=-0.364006
Yrot_deg=-0.292807
Zrot_deg=0.237233
